# This file was generated by Animated Java via MC-Build. It is not recommended to edit this file directly.
$data merge entity $(item_display_5_model) { transformation: [-0.6327053285625163f,0f,-0.7743926440821854f,-1.5487852881643709f,0f,1f,0f,1.25f,0.7743926440821854f,0f,-0.6327053285625163f,-1.2654106571250325f,0f,0f,0f,1f], start_interpolation: 0, interpolation_duration: 1 }
$data merge entity $(item_display_2_model) { transformation: [-0.6327053285625163f,0f,-0.7743926440821854f,1.5487852881643709f,0f,1f,0f,1.25f,0.7743926440821854f,0f,-0.6327053285625163f,1.2654106571250325f,0f,0f,0f,1f], start_interpolation: 0, interpolation_duration: 1 }
$data merge entity $(item_display_3_model) { transformation: [-0.16074256560382638f,0f,-0.9869963665602318f,-0.32148513120765276f,0f,1f,0f,1.25f,0.9869963665602318f,0f,-0.16074256560382638f,1.9739927331204636f,0f,0f,0f,1f], start_interpolation: 0, interpolation_duration: 1 }
$data merge entity $(item_display_6_model) { transformation: [0.16074256560382638f,-1.4055748095315151e-16f,0.9869963665602318f,0.32148513120765276f,1.2246467991473532e-16f,1f,1.2246467991473532e-16f,1.25f,-0.9869963665602318f,1.0118690726245962e-16f,0.16074256560382638f,-1.9739927331204636f,0f,0f,0f,1f], start_interpolation: 0, interpolation_duration: 1 }
$data merge entity $(item_display_centre_model) { transformation: [-0.9351352096860117f,0f,-0.35429103799771566f,0f,0f,1f,0f,3.119375f,0.35429103799771566f,0f,-0.9351352096860117f,0f,0f,0f,0f,1f], start_interpolation: 0, interpolation_duration: 1 }
$data merge entity $(item_display_1_model) { transformation: [-0.9351352096860117f,0f,-0.35429103799771566f,1.8702704193720234f,0f,1f,0f,1.25f,0.35429103799771566f,0f,-0.9351352096860117f,-0.7085820759954313f,0f,0f,0f,1f], start_interpolation: 0, interpolation_duration: 1 }
$data merge entity $(item_display_4_model) { transformation: [0.9351352096860117f,-1.579091726962459e-16f,0.35429103799771566f,-1.8702704193720234f,1.2246467991473532e-16f,1f,1.2246467991473532e-16f,1.25f,-0.35429103799771566f,-7.113289556614674e-17f,0.9351352096860117f,0.7085820759954313f,0f,0f,0f,1f], start_interpolation: 0, interpolation_duration: 1 }
$data merge entity $(item_display_shadow1) { transformation: [-0.26167978121471536f,0f,4.993147673772871f,0f,0f,0.00001f,0f,0f,-4.993147673772871f,0f,-0.26167978121471536f,0f,0f,0f,0f,1f], start_interpolation: 0, interpolation_duration: 1 }
$data merge entity $(item_display_shadow2) { transformation: [4.1933528397271225f,0f,2.7231951750751335f,0f,0f,0.00001f,0f,0.03125f,-2.7231951750751335f,0f,4.1933528397271225f,0f,0f,0f,0f,1f], start_interpolation: 0, interpolation_duration: 1 }
$data merge entity $(item_display_shadow3) { transformation: [4.455032620941839f,0f,-2.269952498697737f,0f,0f,0.00001f,0f,0.015625f,2.269952498697737f,0f,4.455032620941839f,0f,0f,0f,0f,1f], start_interpolation: 0, interpolation_duration: 1 }
$data merge entity $(item_display_white1) { transformation: [0.000007431448254773939f,0f,-0.0000066913060635885865f,0f,0f,0.00001f,0f,0.0625f,0.0000066913060635885865f,0f,0.000007431448254773939f,0f,0f,0f,0f,1f], start_interpolation: 0, interpolation_duration: 1 }
$data merge entity $(item_display_white2) { transformation: [-0.000002079116908177598f,0f,-0.000009781476007338055f,0f,0f,0.00001f,0f,0.09375f,0.000009781476007338055f,0f,-0.000002079116908177598f,0f,0f,0f,0f,1f], start_interpolation: 0, interpolation_duration: 1 }
$data merge entity $(item_display_white3) { transformation: [-0.000009510565162951537f,0f,-0.000003090169943749471f,0f,0f,0.00001f,0f,0.078125f,0.000003090169943749471f,0f,-0.000009510565162951537f,0f,0f,0f,0f,1f], start_interpolation: 0, interpolation_duration: 1 }