# This file was generated by Animated Java via MC-Build. It is not recommended to edit this file directly.
$data merge entity $(item_display_5_model) { transformation: [-0.7092716521008753f,0f,-0.704935261939772f,-1.409870523879544f,0f,1f,0f,1.25f,0.704935261939772f,0f,-0.7092716521008753f,-1.4185433042017506f,0f,0f,0f,1f], start_interpolation: 0, interpolation_duration: 1 }
$data merge entity $(item_display_2_model) { transformation: [-0.7092716521008753f,0f,-0.704935261939772f,1.409870523879544f,0f,1f,0f,1.25f,0.704935261939772f,0f,-0.7092716521008753f,1.4185433042017506f,0f,0f,0f,1f], start_interpolation: 0, interpolation_duration: 1 }
$data merge entity $(item_display_3_model) { transformation: [-0.26177963793363046f,0f,-0.9651276709137177f,-0.5235592758672609f,0f,1f,0f,1.25f,0.9651276709137177f,0f,-0.26177963793363046f,1.9302553418274353f,0f,0f,0f,1f], start_interpolation: 0, interpolation_duration: 1 }
$data merge entity $(item_display_6_model) { transformation: [0.26177963793363046f,-1.502528108630398e-16f,0.9651276709137177f,0.5235592758672609f,1.2246467991473532e-16f,1f,1.2246467991473532e-16f,1.25f,-0.9651276709137177f,8.613529172756509e-17f,0.26177963793363046f,-1.9302553418274353f,0f,0f,0f,1f], start_interpolation: 0, interpolation_duration: 1 }
$data merge entity $(item_display_centre_model) { transformation: [-0.9667148998734023f,0f,-0.2558560188128425f,0f,0f,1f,0f,3.023402777777778f,0.2558560188128425f,0f,-0.9667148998734023f,0f,0f,0f,0f,1f], start_interpolation: 0, interpolation_duration: 1 }
$data merge entity $(item_display_1_model) { transformation: [-0.9667148998734023f,0f,-0.2558560188128425f,1.9334297997468046f,0f,1f,0f,1.25f,0.2558560188128425f,0f,-0.9667148998734023f,-0.511712037625685f,0f,0f,0f,1f], start_interpolation: 0, interpolation_duration: 1 }
$data merge entity $(item_display_4_model) { transformation: [0.9667148998734023f,-1.4972175622997486e-16f,0.2558560188128425f,-1.9334297997468046f,1.2246467991473532e-16f,1f,1.2246467991473532e-16f,1.25f,-0.2558560188128425f,-8.705510533362835e-17f,0.9667148998734023f,0.511712037625685f,0f,0f,0f,1f], start_interpolation: 0, interpolation_duration: 1 }
$data merge entity $(item_display_shadow1) { transformation: [0.9111776274607397f,0f,4.916274537819773f,0f,0f,0.00001f,0f,0f,-4.916274537819773f,0f,0.9111776274607397f,0f,0f,0f,0f,1f], start_interpolation: 0, interpolation_duration: 1 }
$data merge entity $(item_display_shadow2) { transformation: [4.713207455460893f,0f,1.6690342961688533f,0f,0f,0.00001f,0f,0.03125f,-1.6690342961688533f,0f,4.713207455460893f,0f,0f,0f,0f,1f], start_interpolation: 0, interpolation_duration: 1 }
$data merge entity $(item_display_shadow3) { transformation: [3.8020298280001548f,0f,-3.2472402416509194f,0f,0f,0.00001f,0f,0.015625f,3.2472402416509194f,0f,3.8020298280001548f,0f,0f,0f,0f,1f], start_interpolation: 0, interpolation_duration: 1 }
$data merge entity $(item_display_white1) { transformation: [0.000008386705679454237f,0f,-0.000005446390350150276f,0f,0f,0.00001f,0f,0.0625f,0.000005446390350150276f,0f,0.000008386705679454237f,0f,0f,0f,0f,1f], start_interpolation: 0, interpolation_duration: 1 }
$data merge entity $(item_display_white2) { transformation: [-5.233595624294427e-7f,0f,-0.000009986295347545739f,0f,0f,0.00001f,0f,0.09375f,0.000009986295347545739f,0f,-5.233595624294427e-7f,0f,0f,0f,0f,1f], start_interpolation: 0, interpolation_duration: 1 }
$data merge entity $(item_display_white3) { transformation: [-0.00000891006524188368f,0f,-0.000004539904997395465f,0f,0f,0.00001f,0f,0.078125f,0.000004539904997395465f,0f,-0.00000891006524188368f,0f,0f,0f,0f,1f], start_interpolation: 0, interpolation_duration: 1 }