# This file was generated by Animated Java via MC-Build. It is not recommended to edit this file directly.
$data merge entity $(item_display_5_model) { transformation: [-0.7692974729698646f,0f,-0.6388907559842922f,-1.2777815119685845f,0f,1f,0f,1.25f,0.6388907559842922f,0f,-0.7692974729698646f,-1.5385949459397292f,0f,0f,0f,1f], start_interpolation: 0, interpolation_duration: 1 }
$data merge entity $(item_display_2_model) { transformation: [-0.7692974729698646f,0f,-0.6388907559842922f,1.2777815119685845f,0f,1f,0f,1.25f,0.6388907559842922f,0f,-0.7692974729698646f,1.5385949459397292f,0f,0f,0f,1f], start_interpolation: 0, interpolation_duration: 1 }
$data merge entity $(item_display_3_model) { transformation: [-0.3467857766669292f,0f,-0.9379443614103742f,-0.6935715533338584f,0f,1f,0f,1.25f,0.9379443614103742f,0f,-0.3467857766669292f,1.8758887228207484f,0f,0f,0f,1f], start_interpolation: 0, interpolation_duration: 1 }
$data merge entity $(item_display_6_model) { transformation: [0.3467857766669292f,-1.5733406513645067e-16f,0.9379443614103742f,0.6935715533338584f,1.2246467991473532e-16f,1f,1.2246467991473532e-16f,1.25f,-0.9379443614103742f,7.239604685945392e-17f,0.3467857766669292f,-1.8758887228207484f,0f,0f,0f,1f], start_interpolation: 0, interpolation_duration: 1 }
$data merge entity $(item_display_centre_model) { transformation: [-0.9856765326512213f,0f,-0.16864688844050968f,0f,0f,1f,0f,2.7834722222222217f,0.16864688844050968f,0f,-0.9856765326512213f,0f,0f,0f,0f,1f], start_interpolation: 0, interpolation_duration: 1 }
$data merge entity $(item_display_1_model) { transformation: [-0.9856765326512213f,0f,-0.16864688844050968f,1.9713530653024427f,0f,1f,0f,1.25f,0.16864688844050968f,0f,-0.9856765326512213f,-0.33729377688101936f,0f,0f,0f,1f], start_interpolation: 0, interpolation_duration: 1 }
$data merge entity $(item_display_4_model) { transformation: [0.9856765326512213f,-1.4136384828208108e-16f,0.16864688844050968f,-1.9713530653024427f,1.2246467991473532e-16f,1f,1.2246467991473532e-16f,1.25f,-0.16864688844050968f,-1.0005727385911489e-16f,0.9856765326512213f,0.33729377688101936f,0f,0f,0f,1f], start_interpolation: 0, interpolation_duration: 1 }
$data merge entity $(item_display_shadow1) { transformation: [2.033683215379001f,0f,4.567727288213004f,0f,0f,0.00001f,0f,0f,-4.567727288213004f,0f,2.033683215379001f,0f,0f,0f,0f,1f], start_interpolation: 0, interpolation_duration: 1 }
$data merge entity $(item_display_shadow2) { transformation: [4.972609476841367f,0f,0.5226423163382679f,0f,0f,0.00001f,0f,0.03125f,-0.5226423163382679f,0f,4.972609476841367f,0f,0f,0f,0f,1f], start_interpolation: 0, interpolation_duration: 1 }
$data merge entity $(item_display_shadow3) { transformation: [2.9389262614623664f,0f,-4.045084971874736f,0f,0f,0.00001f,0f,0.015625f,4.045084971874736f,0f,2.9389262614623664f,0f,0f,0f,0f,1f], start_interpolation: 0, interpolation_duration: 1 }
$data merge entity $(item_display_white1) { transformation: [0.00000913545457642601f,0f,-0.0000040673664307579986f,0f,0f,0.00001f,0f,0.0625f,0.0000040673664307579986f,0f,0.00000913545457642601f,0f,0f,0f,0f,1f], start_interpolation: 0, interpolation_duration: 1 }
$data merge entity $(item_display_white2) { transformation: [0.0000010452846326765397f,0f,-0.000009945218953682734f,0f,0f,0.00001f,0f,0.09375f,0.000009945218953682734f,0f,0.0000010452846326765397f,0f,0f,0f,0f,1f], start_interpolation: 0, interpolation_duration: 1 }
$data merge entity $(item_display_white3) { transformation: [-0.00000809016994374947f,0f,-0.000005877852522924737f,0f,0f,0.00001f,0f,0.078125f,0.000005877852522924737f,0f,-0.00000809016994374947f,0f,0f,0f,0f,1f], start_interpolation: 0, interpolation_duration: 1 }