# This file was generated by Animated Java via MC-Build. It is not recommended to edit this file directly.
$data merge entity $(item_display_5_model) { transformation: [-0.813507512077118f,0f,-0.5815544065640788f,-1.1631088131281575f,0f,1f,0f,1.25f,0.5815544065640788f,0f,-0.813507512077118f,-1.627015024154236f,0f,0f,0f,1f], start_interpolation: 0, interpolation_duration: 1 }
$data merge entity $(item_display_2_model) { transformation: [-0.813507512077118f,0f,-0.5815544065640788f,1.1631088131281575f,0f,1f,0f,1.25f,0.5815544065640788f,0f,-0.813507512077118f,1.627015024154236f,0f,0f,0f,1f], start_interpolation: 0, interpolation_duration: 1 }
$data merge entity $(item_display_3_model) { transformation: [-0.41374096834622087f,0f,-0.9103946458058348f,-0.8274819366924417f,0f,1f,0f,1.25f,0.9103946458058348f,0f,-0.41374096834622087f,1.8207892916116697f,0f,0f,0f,1f], start_interpolation: 0, interpolation_duration: 1 }
$data merge entity $(item_display_6_model) { transformation: [0.41374096834622087f,-1.6215984415083298e-16f,0.9103946458058348f,0.8274819366924417f,1.2246467991473532e-16f,1f,1.2246467991473532e-16f,1.25f,-0.9103946458058348f,6.082253363856783e-17f,0.41374096834622087f,-1.8207892916116697f,0f,0f,0f,1f], start_interpolation: 0, interpolation_duration: 1 }
$data merge entity $(item_display_centre_model) { transformation: [-0.9952953749102995f,0f,-0.09688713372871696f,0f,0f,1f,0f,2.6875f,0.09688713372871696f,0f,-0.9952953749102995f,0f,0f,0f,0f,1f], start_interpolation: 0, interpolation_duration: 1 }
$data merge entity $(item_display_1_model) { transformation: [-0.9952953749102995f,0f,-0.09688713372871696f,1.990590749820599f,0f,1f,0f,1.25f,0.09688713372871696f,0f,-0.9952953749102995f,-0.19377426745743392f,0f,0f,0f,1f], start_interpolation: 0, interpolation_duration: 1 }
$data merge entity $(item_display_4_model) { transformation: [0.9952953749102995f,-1.337537813289498e-16f,0.09688713372871696f,-1.990590749820599f,1.2246467991473532e-16f,1f,1.2246467991473532e-16f,1.25f,-0.09688713372871696f,-1.1002327768906285e-16f,0.9952953749102995f,0.19377426745743392f,0f,0f,0f,1f], start_interpolation: 0, interpolation_duration: 1 }
$data merge entity $(item_display_shadow1) { transformation: [3.0438071450436084f,0f,3.966766701456172f,0f,0f,0.00001f,0f,0f,-3.966766701456172f,0f,3.0438071450436084f,0f,0f,0f,0f,1f], start_interpolation: 0, interpolation_duration: 1 }
$data merge entity $(item_display_shadow2) { transformation: [4.957224306869051f,0f,-0.6526309611002636f,0f,0f,0.00001f,0f,0.03125f,0.6526309611002636f,0f,4.957224306869051f,0f,0f,0f,0f,1f], start_interpolation: 0, interpolation_duration: 1 }
$data merge entity $(item_display_shadow3) { transformation: [1.913417161825444f,0f,-4.619397662556436f,0f,0f,0.00001f,0f,0.015625f,4.619397662556436f,0f,1.913417161825444f,0f,0f,0f,0f,1f], start_interpolation: 0, interpolation_duration: 1 }
$data merge entity $(item_display_white1) { transformation: [0.000009659258262890684f,0f,-0.000002588190451025213f,0f,0f,0.00001f,0f,0.0625f,0.000002588190451025213f,0f,0.000009659258262890684f,0f,0f,0f,0f,1f], start_interpolation: 0, interpolation_duration: 1 }
$data merge entity $(item_display_white2) { transformation: [0.0000025881904510252046f,0f,-0.000009659258262890684f,0f,0f,0.00001f,0f,0.09375f,0.000009659258262890684f,0f,0.0000025881904510252046f,0f,0f,0f,0f,1f], start_interpolation: 0, interpolation_duration: 1 }
$data merge entity $(item_display_white3) { transformation: [-0.000007071067811865478f,0f,-0.000007071067811865475f,0f,0f,0.00001f,0f,0.078125f,0.000007071067811865475f,0f,-0.000007071067811865478f,0f,0f,0f,0f,1f], start_interpolation: 0, interpolation_duration: 1 }