# This file was generated by Animated Java via MC-Build. It is not recommended to edit this file directly.
$data merge entity $(item_display_5_model) { transformation: [-0.843365597815145f,0f,-0.5373401794225918f,-1.0746803588451836f,0f,1f,0f,1.25f,0.5373401794225918f,0f,-0.843365597815145f,-1.68673119563029f,0f,0f,0f,1f], start_interpolation: 0, interpolation_duration: 1 }
$data merge entity $(item_display_2_model) { transformation: [-0.843365597815145f,0f,-0.5373401794225918f,1.0746803588451836f,0f,1f,0f,1.25f,0.5373401794225918f,0f,-0.843365597815145f,1.68673119563029f,0f,0f,0f,1f], start_interpolation: 0, interpolation_duration: 1 }
$data merge entity $(item_display_3_model) { transformation: [-0.46170594267446957f,0f,-0.8870330447616253f,-0.9234118853489391f,0f,1f,0f,1.25f,0.8870330447616253f,0f,-0.46170594267446957f,1.7740660895232505f,0f,0f,0f,1f], start_interpolation: 0, interpolation_duration: 1 }
$data merge entity $(item_display_6_model) { transformation: [0.46170594267446957f,-1.651728883848856e-16f,0.8870330447616253f,0.9234118853489391f,1.2246467991473532e-16f,1f,1.2246467991473532e-16f,1.25f,-0.8870330447616253f,5.208754741616547e-17f,0.46170594267446957f,-1.7740660895232505f,0f,0f,0f,1f], start_interpolation: 0, interpolation_duration: 1 }
$data merge entity $(item_display_centre_model) { transformation: [-0.9990461220970613f,0f,-0.043667446946480386f,0f,0f,1f,0f,2.6875f,0.043667446946480386f,0f,-0.9990461220970613f,0f,0f,0f,0f,1f], start_interpolation: 0, interpolation_duration: 1 }
$data merge entity $(item_display_1_model) { transformation: [-0.9990461220970613f,0f,-0.043667446946480386f,1.9980922441941227f,0f,1f,0f,1.25f,0.043667446946480386f,0f,-0.9990461220970613f,-0.08733489389296077f,0f,0f,0f,1f], start_interpolation: 0, interpolation_duration: 1 }
$data merge entity $(item_display_4_model) { transformation: [0.9990461220970613f,-1.276955834756686e-16f,0.043667446946480386f,-1.9980922441941227f,1.2246467991473532e-16f,1f,1.2246467991473532e-16f,1.25f,-0.043667446946480386f,-1.170001436496798e-16f,0.9990461220970613f,0.08733489389296077f,0f,0f,0f,1f], start_interpolation: 0, interpolation_duration: 1 }
$data merge entity $(item_display_shadow1) { transformation: [3.8857298072848514f,0f,3.1466019552491917f,0f,0f,0.00001f,0f,0f,-3.1466019552491917f,0f,3.8857298072848514f,0f,0f,0f,0f,1f], start_interpolation: 0, interpolation_duration: 1 }
$data merge entity $(item_display_shadow2) { transformation: [4.667902132486011f,0f,-1.7918397477264958f,0f,0f,0.00001f,0f,0.03125f,1.7918397477264958f,0f,4.667902132486011f,0f,0f,0f,0f,1f], start_interpolation: 0, interpolation_duration: 1 }
$data merge entity $(item_display_shadow3) { transformation: [0.7821723252011609f,0f,-4.9384417029756875f,0f,0f,0.00001f,0f,0.015625f,4.9384417029756875f,0f,0.7821723252011609f,0f,0f,0f,0f,1f], start_interpolation: 0, interpolation_duration: 1 }
$data merge entity $(item_display_white1) { transformation: [0.000009945218953682734f,0f,-0.0000010452846326765508f,0f,0f,0.00001f,0f,0.0625f,0.0000010452846326765508f,0f,0.000009945218953682734f,0f,0f,0f,0f,1f], start_interpolation: 0, interpolation_duration: 1 }
$data merge entity $(item_display_white2) { transformation: [0.000004067366430757988f,0f,-0.000009135454576426016f,0f,0f,0.00001f,0f,0.09375f,0.000009135454576426016f,0f,0.000004067366430757988f,0f,0f,0f,0f,1f], start_interpolation: 0, interpolation_duration: 1 }
$data merge entity $(item_display_white3) { transformation: [-0.000005877852522924743f,0f,-0.000008090169943749467f,0f,0f,0.00001f,0f,0.078125f,0.000008090169943749467f,0f,-0.000005877852522924743f,0f,0f,0f,0f,1f], start_interpolation: 0, interpolation_duration: 1 }