# This file was generated by Animated Java via MC-Build. It is not recommended to edit this file directly.
$data merge entity $(item_display_5_model) { transformation: [-0.8604711227866395f,0f,-0.5094992118250037f,-1.0189984236500074f,0f,1f,0f,1.25f,0.5094992118250037f,0f,-0.8604711227866395f,-1.720942245573279f,0f,0f,0f,1f], start_interpolation: 0, interpolation_duration: 1 }
$data merge entity $(item_display_2_model) { transformation: [-0.8604711227866395f,0f,-0.5094992118250037f,1.0189984236500074f,0f,1f,0f,1.25f,0.5094992118250037f,0f,-0.8604711227866395f,1.720942245573279f,0f,0f,0f,1f], start_interpolation: 0, interpolation_duration: 1 }
$data merge entity $(item_display_3_model) { transformation: [-0.49044024564364697f,0f,-0.8714748220419218f,-0.9808804912872939f,0f,1f,0f,1.25f,0.8714748220419218f,0f,-0.49044024564364697f,1.7429496440838437f,0f,0f,0f,1f], start_interpolation: 0, interpolation_duration: 1 }
$data merge entity $(item_display_6_model) { transformation: [0.49044024564364697f,-1.6678649283516827e-16f,0.8714748220419218f,0.9808804912872939f,1.2246467991473532e-16f,1f,1.2246467991473532e-16f,1.25f,-0.8714748220419218f,4.666327743506149e-17f,0.49044024564364697f,-1.7429496440838437f,0f,0f,0f,1f], start_interpolation: 0, interpolation_duration: 1 }
$data merge entity $(item_display_centre_model) { transformation: [-0.9999394574686506f,0f,-0.011003699255282372f,0f,0f,1f,0f,2.6875f,0.011003699255282372f,0f,-0.9999394574686506f,0f,0f,0f,0f,1f], start_interpolation: 0, interpolation_duration: 1 }
$data merge entity $(item_display_1_model) { transformation: [-0.9999394574686506f,0f,-0.011003699255282372f,1.9998789149373013f,0f,0.00001f,0f,1.25f,0.011003699255282372f,0f,-0.9999394574686506f,-0.022007398510564744f,0f,0f,0f,1f], start_interpolation: -1, interpolation_duration: 0 }
$data merge entity $(item_display_4_model) { transformation: [0.9999394574686506f,-1.2380483010018857e-16f,0.011003699255282372f,-1.9998789149373013f,1.2246467991473532e-16f,1f,1.2246467991473532e-16f,1.25f,-0.011003699255282372f,-1.2110970108583624e-16f,0.9999394574686506f,0.022007398510564744f,0f,0f,0f,1f], start_interpolation: 0, interpolation_duration: 1 }
$data merge entity $(item_display_shadow1) { transformation: [4.512926421749299f,0f,2.152555484041481f,0f,0f,0.00001f,0f,0f,-2.152555484041481f,0f,4.512926421749299f,0f,0f,0f,0f,1f], start_interpolation: 0, interpolation_duration: 1 }
$data merge entity $(item_display_shadow2) { transformation: [4.120630943110081f,0f,-2.8320311846241575f,0f,0f,0.00001f,0f,0.03125f,2.8320311846241575f,0f,4.120630943110081f,0f,0f,0f,0f,1f], start_interpolation: 0, interpolation_duration: 1 }
$data merge entity $(item_display_shadow3) { transformation: [-0.39229547863921693f,0f,-4.9845866686656395f,0f,0f,0.00001f,0f,0.015625f,4.9845866686656395f,0f,-0.39229547863921693f,0f,0f,0f,0f,1f], start_interpolation: 0, interpolation_duration: 1 }
$data merge entity $(item_display_white1) { transformation: [0.000009986295347545742f,0f,5.2335956242943e-7f,0f,0f,0.00001f,0f,0.0625f,-5.2335956242943e-7f,0f,0.000009986295347545742f,0f,0f,0f,0f,1f], start_interpolation: 0, interpolation_duration: 1 }
$data merge entity $(item_display_white2) { transformation: [0.000005446390350150265f,0f,-0.000008386705679454244f,0f,0f,0.00001f,0f,0.09375f,0.000008386705679454244f,0f,0.000005446390350150265f,0f,0f,0f,0f,1f], start_interpolation: 0, interpolation_duration: 1 }
$data merge entity $(item_display_white3) { transformation: [-0.0000045399049973954735f,0f,-0.000008910065241883677f,0f,0f,0.00001f,0f,0.078125f,0.000008910065241883677f,0f,-0.0000045399049973954735f,0f,0f,0f,0f,1f], start_interpolation: 0, interpolation_duration: 1 }