# This file was generated by Animated Java via MC-Build. It is not recommended to edit this file directly.
$data merge entity $(item_display_5_model) { transformation: [-0.8660254037844386f,0f,-0.5f,-1f,0f,1f,0f,1.25f,0.5f,0f,-0.8660254037844386f,-1.7320508075688772f,0f,0f,0f,1f], start_interpolation: 0, interpolation_duration: 1 }
$data merge entity $(item_display_2_model) { transformation: [-0.8660254037844386f,0f,-0.5f,1f,0f,1f,0f,1.25f,0.5f,0f,-0.8660254037844386f,1.7320508075688772f,0f,0f,0f,1f], start_interpolation: 0, interpolation_duration: 1 }
$data merge entity $(item_display_3_model) { transformation: [-0.5f,0f,-0.8660254037844387f,-1f,0f,1f,0f,1.25f,0.8660254037844387f,0f,-0.5f,1.7320508075688774f,0f,0f,0f,1f], start_interpolation: 0, interpolation_duration: 1 }
$data merge entity $(item_display_6_model) { transformation: [0.5f,-1.6728986382985834e-16f,0.8660254037844387f,1f,1.2246467991473532e-16f,1f,1.2246467991473532e-16f,1.25f,-0.8660254037844387f,4.482518391512303e-17f,0.5f,-1.7320508075688774f,0f,0f,0f,1f], start_interpolation: 0, interpolation_duration: 1 }
$data merge entity $(item_display_centre_model) { transformation: [-1f,0f,-1.2246467991473532e-16f,0f,0f,1f,0f,2.6875f,1.2246467991473532e-16f,0f,-1f,0f,0f,0f,0f,1f], start_interpolation: 0, interpolation_duration: 1 }
$data merge entity $(item_display_1_model) { transformation: [-1f,0f,-1.2246467991473532e-16f,2f,0f,0.00001f,0f,1.25f,1.2246467991473532e-16f,0f,-1f,-2.4492935982947064e-16f,0f,0f,0f,1f], start_interpolation: 0, interpolation_duration: 1 }
$data merge entity $(item_display_4_model) { transformation: [1f,-1.2246467991473535e-16f,1.2246467991473532e-16f,-2f,1.2246467991473532e-16f,1f,1.2246467991473532e-16f,1.25f,-1.2246467991473535e-16f,-1.224646799147353e-16f,1f,2.4492935982947064e-16f,0f,0f,0f,1f], start_interpolation: 0, interpolation_duration: 1 }
$data merge entity $(item_display_shadow1) { transformation: [4.8907380036690284f,0f,1.0395584540887977f,0f,0f,0.00001f,0f,0f,-1.0395584540887977f,0f,4.8907380036690284f,0f,0f,0f,0f,1f], start_interpolation: 0, interpolation_duration: 1 }
$data merge entity $(item_display_shadow2) { transformation: [3.3456530317942925f,0f,-3.7157241273869706f,0f,0f,0.00001f,0f,0.03125f,3.7157241273869706f,0f,3.3456530317942925f,0f,0f,0f,0f,1f], start_interpolation: 0, interpolation_duration: 1 }
$data merge entity $(item_display_shadow3) { transformation: [-1.5450849718747353f,0f,-4.755282581475769f,0f,0f,0.00001f,0f,0.015625f,4.755282581475769f,0f,-1.5450849718747353f,0f,0f,0f,0f,1f], start_interpolation: 0, interpolation_duration: 1 }
$data merge entity $(item_display_white1) { transformation: [0.00000978147600733806f,0f,0.0000020791169081775873f,0f,0f,0.00001f,0f,0.0625f,-0.0000020791169081775873f,0f,0.00000978147600733806f,0f,0f,0f,0f,1f], start_interpolation: 0, interpolation_duration: 1 }
$data merge entity $(item_display_white2) { transformation: [0.000006691306063588578f,0f,-0.000007431448254773946f,0f,0f,0.00001f,0f,0.09375f,0.000007431448254773946f,0f,0.000006691306063588578f,0f,0f,0f,0f,1f], start_interpolation: 0, interpolation_duration: 1 }
$data merge entity $(item_display_white3) { transformation: [-0.0000030901699437494785f,0f,-0.000009510565162951535f,0f,0f,0.00001f,0f,0.078125f,0.000009510565162951535f,0f,-0.0000030901699437494785f,0f,0f,0f,0f,1f], start_interpolation: 0, interpolation_duration: 1 }
execute on vehicle unless entity @s[tag=aj.transforms_only] positioned ^2 ^1.25 ^0 rotated ~360 ~0 run function animated_java:aishiteitanoni/animations/spawn/zzz/frames/zzz/11